0 0.417418723070897 0.5595554393305439 0.09719545632589106 0.14672071129707107
0 0.7660987074030552 0.5836297071129708 0.11073638856247553 0.1327039748953975
0 0.5456678417547982 0.6530073221757322 0.09746964355660014 0.1666631799163179
0 0.10836271053662357 0.6785669456066946 0.12879357618488052 0.20408995815899594
0 0.9786525656090873 0.6906380753138075 0.0426948687818253 0.17834728033472802
0 0.20124167645906776 0.6939382845188284 0.08446533490011748 0.10314853556485346
0 0.7797297297297298 0.700794979079498 0.08772816294555426 0.1452248953974896
0 0.8687113200156679 0.7952405857740585 0.14359185272228756 0.19229602510460256
0 0.34317273795534664 0.4207060669456067 0.06379553466509993 0.10976987447698738
0 0.514418331374853 0.46271966527196656 0.06665099882491181 0.11473849372384944
0 0.2388954171562867 0.4694612970711297 0.09931453192322756 0.11792364016736404